# oST version 5.0 parameters

[image]

width
1280

height
720

[camera]

camera matrix
593.13413431448 0.0 641.9975480539771
0.0 597.4563087047205 343.9314382288803
0.0 0.0 1.0

distortion
-0.2249385389055961 0.04086746349224736 0.001521443212482442 -0.0007999565217917551 0.0

rectification
1.000000 0.000000 0.000000
0.000000 1.000000 0.000000
0.000000 0.000000 1.000000

projection
415.536376953125 0.0 638.6924642574158 0.0 
0.0 542.955322265625 341.8132404910284 0.0 
0.0 0.0 1.0 0.0